Date: 31JAN92                                          JDIS DEMO COMPANY                                                  Page:    1
Time: 08:40                                          Final Payroll Check Register                                         (MPREG2-1)
                                                     Period Ending Date:  31MAY91

Employee                         Cash   Non-Cash  Taxable  Non-Tax Fed. Tax State Tx Other Tx FICA Tax    Total              Check
No.    N a m e                 Earnings Earnings  Earnings  Earn.  Withheld Withheld Withheld Withheld  Deductions   Net Pay   No.

0500 ANDY SALARY               1450.00   164.00   1550.00    64.00   267.88    43.51            123.47      72.50     942.64    1400
0800 DAN OWNER                 5450.00   625.00   5575.00   500.00   871.89   145.90            464.74     554.50    3412.97    1401

Department   10 Totals:       6,900.00           7,125.00          1,139.77                                627.00
                                         789.00             564.00            189.41            588.21              4,355.61

0600 BRENT SALARY              1420.00    75.00   1495.00             65.00    43.60            114.37      10.00    1187.03    1402

Department   20 Totals:       1,420.00           1,495.00             65.00                                 10.00
                                          75.00                                43.60            114.37              1,187.03

0305 BILL WAGE                  633.00    24.60    633.00    24.60    64.72    16.97             50.31      16.50     484.50    1403
0310 HAROLD WAGE                440.00             440.00             43.40    12.05             33.66      32.00     318.89    1404
0315 PAM WAGE                   440.00    60.00    440.00    60.00    41.15    11.60             38.25      32.00     317.00    1405

Department   30 Totals:       1,513.00           1,513.00            149.27                                 80.50
                                          84.60              84.60             40.62            122.22              1,120.39

0100 ALAN WAGE                  580.00             580.00             93.27    16.82             44.37      14.50     411.04    1406
0200 BOB WAGE                   563.12    62.40    563.12    62.40    82.24    15.64             47.85      36.52     380.87    1407
0300 CAROL WAGE                 515.62             515.62             42.33    13.16             39.45      14.50     406.18    1408
0400 DON WAGE                   530.00    40.00    530.00    40.00    55.40    14.45             43.61      34.00     382.54    1409
0700 CHUCK SALARY               875.00   220.00    975.00   120.00    59.80    22.15             83.77      85.00     624.28    1410
0900 TOM WAGE                   456.25    20.00    456.25    20.00    57.89    12.96             36.44      18.50     330.46    1411

Department   40 Totals:       3,519.99           3,619.99            390.93                                203.02
                                         342.40             242.40             95.18            295.49              2,535.37


Division     00 Totals:      13,352.99          13,752.99          1,744.97                                920.52
                                       1,291.00             891.00            368.81          1,120.29              9,198.40


Company      01 Totals:      13,352.99          13,752.99          1,744.97                                920.52
                                       1,291.00             891.00            368.81          1,120.29              9,198.40

